700260
700637
701330
701740
701780
701940
702000
702070
702190
702310
702320
702460
702510
702550
702590
702600
702610
702670
702710
702717
702730
702735
702750
702910
702960
703080
703160
703260
703400
703410
703430
703500
703610
703620
703710
703810
703860
703950
703980
704540
722010
722015
722026
722030
722040
722045
722050
722056
722057
722060
722065
722066
722068
722070
722080
722085
722106
722110
722135
722137
722140
722146
722160
722166
722170
722175
722180
722190
722210
722215
722225
722226
722230
722235
722246
722250
722255
722260
722265
722267
722269
722270
722280
722286
722287
722310
722315
722316
722317
722340
722345
722350
722356
722358
722359
722390
722400
722405
722410
722430
722435
722436
722445
722446
722448
722480
722485
722486
722487
722500
722505
722506
722510
722515
722516
722517
722526
722530
722535
722536
722550
722555
722560
722570
722576
722590
722595
722596
722597
722610
722615
722620
722630
722636
722640
722650
722656
722660
722670
722680
722686
722687
722688
722700
722710
722730
722735
722740
722745
722780
722785
722860
722880
722886
722900
722906
722909
722910
722925
722926
722950
722970
722977
723030
723060
723066
723067
723075
723080
723085
723087
723090
723095
723096
723100
723106
723110
723120
723125
723140
723145
723150
723170
723200
723230
723235
723240
723260
723265
723270
723306
723340
723346
723347
723405
723417
723418
723419
723440
723445
723446
723489
723495
723510
723520
723525
723527
723530
723540
723546
723550
723560
723566
723600
723604
723625
723627
723630
723650
723656
723658
723676
723677
723740
723805
723810
723815
723816
723820
723830
723840
723860
723865
723870
723890
723910
723925
723927
723940
723965
724010
724016
724030
724035
724037
724040
724045
724050
724060
724070
724075
724080
724085
724086
724088
724089
724095
724096
724100
724106
724110
724140
724170
724176
724177
724210
724220
724230
724235
724236
724240
724250
724275
724280
724286
724290
724297
724320
724338
724340
724345
724380
724386
724390
724396
724400
724450
724455
724456
724457
724460
724467
724475
724490
724500
724505
724506
724507
724510
724515
724520
724556
724560
724565
724580
724585
724586
724620
724635
724640
724645
724650
724655
724660
724665
724675
724680
724695
724698
724735
724755
724756
724760
724800
724830
724837
724839
724855
724860
724880
724885
724917
724920
724926
724930
724935
724936
724940
724945
725020
725025
725030
725035
725036
725037
725038
725040
725045
725046
725070
725080
725087
725090
725095
725115
725125
725126
725127
725130
725140
725150
725156
725170
725180
725185
725190
725200
725205
725210
725240
725246
725250
725260
725266
725267
725280
725287
725290
725300
725320
725330
725340
725350
725360
725366
725370
725375
725376
725377
725390
725395
725396
725430
725440
725450
725455
725460
725465
725470
725480
725485
725500
725510
725520
725540
725560
725570
725610
725620
725626
725636
725640
725645
725660
725670
725690
725720
725745
725750
725755
725760
725780
725785
725810
725825
725830
725845
725867
725895
725905
725910
725945
725946
725957
725970
725975
726050
726060
726145
726170
726185
726227
726350
726360
726370
726379
726380
726387
726390
726400
726405
726410
726416
726430
726435
726436
726440
726450
726510
726540
726546
726550
726557
726580
726590
726620
726625
726686
726770
726776
726785
726797
726798
726810
726815
726830
726835
726880
726885
726886
726904
726917
726930
726940
726958
726980
726988
727120
727130
727340
727347
727440
727450
727455
727470
727530
727535
727575
727576
727640
727645
727670
727675
727676
727680
727720
727730
727735
727750
727770
727790
727796
727810
727815
727826
727827
727830
727845
727846
727850
727855
727910
727920
727930
727935
727970
727976
742060
742070
743920
743945
744860
744865
744910
744915
745090
745160
745310
745700
745940
745980
746120
746710
746716
746930
747020
747187
747188
747400
747685
747686
747750
747770
747880
747900
747910
747915
747950
747915
747950
